<?xml version="1.0"?>
<opencv_storage>
<points>
  -4.1435450315475464e-001 -1.8866296857595444e-002
  8.4500002861022949e-001 4.6387887001037598e-001
  -2.3219056427478790e-001 1.1230000257492065e+000
  4.9208644032478333e-001 5.3886875510215759e-002
  1.1180000305175781e+000 -2.4191911518573761e-001
  -3.5227339714765549e-002 9.1000002622604370e-001
  4.8264119029045105e-001 2.0231461524963379e-001
  1.1170001029968262e+000 2.7087104320526123e-001
  3.5931298136711121e-001 1.1060000658035278e+000
  3.2399266958236694e-001 2.8014859557151794e-001
  1.1130000352859497e+000 1.1768788844347000e-001
  4.0967053174972534e-001 1.1040000915527344e+000
  4.6464920043945313e-001 3.7876358628273010e-001
  1.1080000400543213e+000 -2.1125581860542297e-001
  -1.5128068625926971e-001 9.3900007009506226e-001
  3.7920540571212769e-001 3.4461778402328491e-001
  1.1069999933242798e+000 4.1744166612625122e-001
  2.3174178600311279e-001 1.1130000352859497e+000
  4.8842336982488632e-002 3.8901895284652710e-002
  1.0329999923706055e+000 -2.2328637540340424e-001
  -2.2711007297039032e-001 9.2700004577636719e-001
  -3.6445206403732300e-001 1.3522107899188995e-001
  8.6300003528594971e-001 5.0817656517028809e-001
  -6.9258105941116810e-004 1.1200000047683716e+000
  2.7868020534515381e-001 -1.4937251806259155e-001
  8.0700004100799561e-001 5.0014394521713257e-001
  2.3229956626892090e-001 1.1150000095367432e+000
  -3.1675064563751221e-001 3.1449747085571289e-001
  8.8600003719329834e-001 4.5900356769561768e-001
  2.6454377174377441e-001 1.1110000610351562e+000
  -2.9623401165008545e-001 -2.0575062930583954e-001
  8.9000004529953003e-001 2.6903596520423889e-001
  -3.7418862339109182e-003 1.1190000772476196e+000
  3.6958563327789307e-001 2.3201873898506165e-001
  1.1140000820159912e+000 5.0941169261932373e-001
  -2.2907388210296631e-001 1.1220000982284546e+000
  4.6563544869422913e-001 -1.8598552048206329e-001
  1.1200000047683716e+000 -4.1332036256790161e-001
  1.6187091171741486e-001 8.4200006723403931e-001
  1.6461123526096344e-001 2.0403322577476501e-001
  1.0740000009536743e+000 -1.6589564085006714e-001
  3.3013570308685303e-001 9.4500005245208740e-001
  1.4751648902893066e-001 3.9436203241348267e-001
  1.1030000448226929e+000 -4.0296918153762817e-001
  -1.0893221944570541e-001 8.5000002384185791e-001
  1.0693994909524918e-001 -1.6393841803073883e-001
  7.2400003671646118e-001 4.6120303869247437e-001
  3.3929425477981567e-001 1.1080000400543213e+000
  -4.6111151576042175e-001 -2.0324064791202545e-001
  8.2500004768371582e-001 -3.3273136615753174e-001
  3.2808521389961243e-001 8.8300001621246338e-001
  3.4957575798034668e-001 4.0212401747703552e-001
  1.1080000400543213e+000 -3.9729070663452148e-001
  -2.8412719257175922e-003 8.5300004482269287e-001
  -2.4193815886974335e-001 2.0495276153087616e-001
  9.1200006008148193e-001 1.3844831287860870e-001
  2.9750946164131165e-001 1.0550000667572021e+000
  -1.1729886382818222e-001 1.3845334947109222e-001
  9.6200007200241089e-001 3.1158778071403503e-001
  5.1089007407426834e-002 1.1200000047683716e+000
  1.6275992989540100e-001 3.3474284410476685e-001
  1.0650000572204590e+000 4.4902420043945313e-001
  -2.4457901716232300e-001 1.1240000724792480e+000
  4.9993193149566650e-001 1.5658722817897797e-001
  1.1150000095367432e+000 -1.2152136303484440e-002
  -7.6489575207233429e-002 6.6300004720687866e-001
  2.3108720779418945e-002 1.6087548807263374e-002
  1.0190000534057617e+000 1.3952969014644623e-001
  2.5071430206298828e-001 1.0620000362396240e+000
  -2.7726468443870544e-001 1.3355457782745361e-001
  8.9800006151199341e-001 -3.8057351112365723e-001
  2.3193961381912231e-001 8.5600006580352783e-001
  -4.5887365937232971e-001 2.4744872748851776e-001
  8.3200001716613770e-001 4.5943620800971985e-001
  2.7082678675651550e-001 1.1120001077651978e+000
  4.6909806132316589e-001 -6.1500072479248047e-002
  1.1210000514984131e+000 -2.3753125965595245e-001
  -3.0347563326358795e-002 9.1200006008148193e-001
  1.3449081778526306e-001 -1.1637690663337708e-001
  7.3400002717971802e-001 1.8822759389877319e-001
  -3.6520597059279680e-003 1.0900000333786011e+000
  -4.3307268619537354e-001 2.8094634413719177e-001
  8.4500002861022949e-001 4.5733630657196045e-001
  -1.4067193865776062e-001 1.1220000982284546e+000
  -1.7777128517627716e-001 2.1108476817607880e-001
  9.3800002336502075e-001 2.0466335117816925e-001
  2.2675947844982147e-001 1.0860000848770142e+000
  -2.1032705903053284e-002 7.5772285461425781e-002
  9.9800002574920654e-001 -3.9487135410308838e-001
  -1.9132457673549652e-001 8.5700005292892456e-001
  -3.0097392201423645e-001 -8.7433077394962311e-002
  8.8900005817413330e-001 4.8081773519515991e-001
  5.3825555369257927e-003 1.1200000047683716e+000
  4.4626754522323608e-001 8.1114716827869415e-002
  1.1170001029968262e+000 -9.4250731170177460e-002
  2.3958532512187958e-001 9.7000002861022949e-001
  4.2292389273643494e-001 -4.3199885636568069e-002
  1.1190000772476196e+000 4.5490968227386475e-001
  -1.0057638585567474e-001 1.1160000562667847e+000
  -1.8456223607063293e-001 4.4980039820075035e-003
  9.3100005388259888e-001 2.5610896944999695e-001
  2.3052811622619629e-001 1.1050000190734863e+000
  -4.4073075056076050e-001 6.9653563201427460e-002
  8.3300006389617920e-001 2.8025200963020325e-001
  3.0272510647773743e-001 1.1069999933242798e+000
  2.4297308921813965e-001 3.8787886500358582e-001
  1.1019999980926514e+000 -3.8095149397850037e-001
  -4.4743649661540985e-002 8.5800004005432129e-001
  -1.1234939098358154e-001 1.6249652206897736e-001
  9.6500003337860107e-001 -4.2361579835414886e-002
  2.9332137107849121e-001 9.9200004339218140e-001
  2.9864370822906494e-001 8.1342957913875580e-002
  1.1170001029968262e+000 -1.4159165322780609e-001
  7.1741994470357895e-003 9.4800007343292236e-001
  1.5316759049892426e-001 4.2933779954910278e-001
  1.1010000705718994e+000 -4.0214958786964417e-001
  -2.1459470689296722e-001 8.4700006246566772e-001
  -1.4400970935821533e-001 -2.6439780369400978e-002
  9.4700002670288086e-001 3.2970878481864929e-001
  2.8289085626602173e-001 1.1120001077651978e+000
  -2.0495468378067017e-001 -1.8087859451770782e-001
  9.3400001525878906e-001 -2.6307114958763123e-001
  2.8541457653045654e-001 9.0900003910064697e-001
  7.5815379619598389e-002 -1.2972186505794525e-001
  7.0800000429153442e-001 -1.2956075370311737e-001
  1.8445944786071777e-001 9.5700001716613770e-001
  -3.9257198572158813e-001 2.5077676773071289e-001
  8.5600006580352783e-001 -3.5590147972106934e-001
  1.3318428397178650e-001 8.6500006914138794e-001
  4.3205708265304565e-001 3.4606510400772095e-001
  1.1110000610351562e+000 -4.4162052869796753e-001
  1.8319952487945557e-001 8.3300006389617920e-001
  -3.4310124814510345e-002 3.2874718308448792e-001
  9.9400001764297485e-001 2.8464078903198242e-001
  2.7099877595901489e-001 1.1120001077651978e+000
  4.8779672384262085e-001 -1.6198305785655975e-001
  1.1220000982284546e+000 -1.1934705823659897e-001
  3.2839384675025940e-001 9.6200007200241089e-001
  -3.5331186652183533e-001 2.0714126527309418e-001
  8.7000006437301636e-001 -1.8467757105827332e-001
  1.4165857434272766e-001 9.3300002813339233e-001
  3.4148502349853516e-001 2.6155042648315430e-001
  1.1110000610351562e+000 -3.7673792243003845e-001
  -1.8338407576084137e-001 8.6400002241134644e-001
  3.7889310717582703e-001 3.5633459687232971e-001
  1.1060000658035278e+000 3.9730161428451538e-001
  4.1075879335403442e-001 1.1060000658035278e+000
  -4.5557796955108643e-001 -1.9701239466667175e-001
  8.2800006866455078e-001 -2.5954475998878479e-001
  -3.9844248443841934e-002 9.0300005674362183e-001
  -4.2695593833923340e-001 2.8378838300704956e-001
  8.4700006246566772e-001</points>
</opencv_storage>
