<?xml version="1.0"?>
<opencv_storage>
<image_width>0</image_width>
<image_height>0</image_height>
<alpha>1.</alpha>
<beta>0.</beta>
<internal_matrix type_id="opencv-matrix">
  <rows>3</rows>
  <cols>3</cols>
  <dt>d</dt>
  <data>
    0. 0. 0. 0. 0. 0. 0. 0. 0.</data></internal_matrix>
<perspective_matrix type_id="opencv-matrix">
  <rows>3</rows>
  <cols>4</cols>
  <dt>d</dt>
  <data>
    2.6386644682737376e+001 -8.8171369963119606e-001
    -1.3637760939351848e+001 1.5302392652769612e+000
    4.6513186893012520e-001 2.6147169625827107e+001
    -1.5376289765283477e+001 5.0364763694079233e+000
    -2.3118183143517237e-004 -3.9515984431754574e-004
    -2.0788508268416883e-002 -1.0331552493944847e-004</data></perspective_matrix>
<translational_matrix type_id="opencv-matrix">
  <rows>3</rows>
  <cols>1</cols>
  <dt>d</dt>
  <data>
    0. 0. 0.</data></translational_matrix>
<rotation_matrix type_id="opencv-matrix">
  <rows>3</rows>
  <cols>3</cols>
  <dt>d</dt>
  <data>
    0. 0. 0. 0. 0. 0. 0. 0. 0.</data></rotation_matrix>
<distortion_coefficients type_id="opencv-matrix">
  <rows>1</rows>
  <cols>5</cols>
  <dt>d</dt>
  <data>
    0. 0. 0. 0. 0.</data></distortion_coefficients>
</opencv_storage>
