<?xml version="1.0"?>
<opencv_storage>
<image_width>0</image_width>
<image_height>0</image_height>
<alpha>1.</alpha>
<beta>0.</beta>
<internal_matrix type_id="opencv-matrix">
  <rows>3</rows>
  <cols>3</cols>
  <dt>d</dt>
  <data>
    0. 0. 0. 0. 0. 0. 0. 0. 0.</data></internal_matrix>
<perspective_matrix type_id="opencv-matrix">
  <rows>3</rows>
  <cols>4</cols>
  <dt>d</dt>
  <data>
    2.4112317549380986e+001 -7.3913391678140827e-001
    -1.2640649401094031e+001 1.5693272955654096e+000
    4.4735936438875451e-001 2.3928296142568342e+001
    -1.4086151023984469e+001 4.6190098871983389e+000
    -2.0364934307623647e-004 -2.8839358185223611e-004
    -1.9112701498086415e-002 1.3198605019188594e-005</data></perspective_matrix>
<translational_matrix type_id="opencv-matrix">
  <rows>3</rows>
  <cols>1</cols>
  <dt>d</dt>
  <data>
    0. 0. 0.</data></translational_matrix>
<rotation_matrix type_id="opencv-matrix">
  <rows>3</rows>
  <cols>3</cols>
  <dt>d</dt>
  <data>
    0. 0. 0. 0. 0. 0. 0. 0. 0.</data></rotation_matrix>
<distortion_coefficients type_id="opencv-matrix">
  <rows>1</rows>
  <cols>5</cols>
  <dt>d</dt>
  <data>
    0. 0. 0. 0. 0.</data></distortion_coefficients>
</opencv_storage>
